126
126
126
126
126
126
126
126
126
126
126.500000000000
127
127
127
127
127
127
127
127.500000000000
128
128
129
192
255
255
255
255
255
255
255
255
255
255
255
255
255
255
255
255
255
255
255
255
255
255
255
255
255
255
255
255
255
255
255
255
255
255
255
255
255
255
255
255
255
255
255
255
255
255
255
255
255
209
208.500000000000
209
255
255
255
255
255
255
255
255
208.500000000000
161.500000000000
161
161
161
161
161
208
255
255
255
255
255
255
255
255
255
255
255
255
255
255
255
255
255
255
255
255
255
255
255
255
255
255
255
255
255
255
255
255
255
255
255
255
255
255
255
255
255
255
255
255
255
255
255
169.500000000000
84
84
83.5000000000000
83
83
83
82.5000000000000
82
82
82
82
82
82
82
82
82
81
81
81
81
81
81
81
81
81
81
81
81
81
81
81
81
81
81
81
81
81
81.5000000000000
82
82
82
82
82
82
82
82
82.5000000000000
83
83
83
83
83.5000000000000
169.500000000000
255
255
255
255
255
255
255
255
255
255
255
255
255
255
255
255
255
255
255
255
255
255
255
255
255
255
255
255
249
243
151
58
56.5000000000000
56
55
55
55
54.5000000000000
54
54
54
54
54
54
53.5000000000000
53
53
53
53
53
53
53
53
53
53
53
53
52
52
52
52
52
52
52
52
52
52
52
52
52
52
52
52
52
52
52.5000000000000
53
53
53
53
53
53
53
53
53
53
53
53
53
54
54
54
54
54
54
54
54.5000000000000
55
55
55
55.5000000000000
155.500000000000
255
255
255
255
255
255
255
255
255
255
255
255
255
255
255
255
255
255
255
255
255
255
255
255
255
255
255
255
255
255
255
255
255
255
192
128.500000000000
128
127.500000000000
127
127
127
127
127
127
127
127
127
127
126.500000000000
126
126
126
126
126
126
126
126
126
126
126
126
126
126
126
126
126