27
27.5000000000000
27.5000000000000
28
28
28
28
28
28
28
28
28
28
28
28
28
28
28
28
28
28
28
28
28.5000000000000
29
29
29
29
29
29
29.5000000000000
29.5000000000000
30.5000000000000
31.5000000000000
142.500000000000
255
255
255
255
255
255
255
255
255
255
255
255
255
255
255
255
255
255
255
255
255
255
255
255
255
255
255
255
255
255
255
255
186.500000000000
186.500000000000
117
116
116
115.500000000000
115.500000000000
115
115
115
115
115
115
115
114.500000000000
114.500000000000
114
114
114.500000000000
114.500000000000
115
114.500000000000
115
115
115
115
115
115
115
115.500000000000
115.500000000000
116
116.500000000000
116.500000000000
186
255
255
255
255
255
255
255
255
255
255
255
255
255
255
255
255
255
255
255
255
255
255
255
255
255
255
255
255
255
255
255
255
255
255
255
255
255
255
255
255
255
255
255
255
255
255
255
255
255
255
255
218.500000000000
182
182
181.500000000000
181
181
181
181
181
180.500000000000
180.500000000000
180
180
180
180
180
180
180
180.500000000000
180.500000000000
181
181
181
181
218
190
190
190
222.500000000000
222.500000000000
255
255
255
255
221
189
189
222
222
222
255
255
255
255
255
255
255
255
255
255
255
255
255
255
255
255
255
255
255
255
255
255
255
255
255
255
255
255
255
255
255
255
155.500000000000
56
56
55.5000000000000
55
55
55
55
54.5000000000000
54
54
54
54
54
53.5000000000000
53.5000000000000
53
53
53
53
53
53
53
53
53
53
53
53
53
53
53
53
53
53
53
53
53
53
53
53
53
53
53
53
53
53
53
53
53
53
53
53
53.5000000000000
53.5000000000000
54
54
54
54
54
54
54.5000000000000
55
55
55
55.5000000000000
55.5000000000000
56
58
59.5000000000000
62
62
62
62
61.5000000000000
61.5000000000000
61.5000000000000
61.5000000000000
61.5000000000000
61.5000000000000
61.5000000000000
61
47
46.5000000000000
31.5000000000000
31
31
31
30.5000000000000
30.5000000000000
30
30
30
29.5000000000000
29.5000000000000
29
29
29
29
28.5000000000000
28.5000000000000
28
28
28
28
28
28
28
28
28
28
27.5000000000000
27.5000000000000
27
27.5000000000000
27.5000000000000
27
27
27
27
27
27
27
27
27
27
27
27
27
27
27
27
27
27
27
27