180
180
180
180
180
180
180
180.500000000000
181
181
181.500000000000
218
255
255
255
255
255
255
255
255
255
255
255
255
255
255
255
255
255
255
255
255
255
255
255
255
255
255
255
255
255
255
255
255
255
255
255
255
255
255
156
57.5000000000000
56.5000000000000
56
56
55.5000000000000
55
55
55
55
55
54.5000000000000
54
54
54
54
54
54
54
54
54
54
54
53.5000000000000
53
53
53
53
53
53
53
53
53
53
53
53
53
53
53
53
53.5000000000000
54
54
54
54
54
54
54
54
54
54
54.5000000000000
54.5000000000000
55
55
55
55
55
55
55.5000000000000
56
57
57
57.5000000000000
59
157
255
255
255
255
144
144
32.5000000000000
32
32
32
31.5000000000000
31
31
30.5000000000000
30
30
30
30
30
30
29
29
29
29
29
29
29
28.5000000000000
28
28
28
28
28
28
28
28
28
28
28
27.5000000000000
27
27
27
27
27
27
27
27
27
27
27
27
27
27
27
27
27
27
27
27
27
27.5000000000000
28
28
28
28
28
28
28
28
28
28
28
28
28.5000000000000
29
29
29
29
29
29
29.5000000000000
30
30
30
30
30
30
30.5000000000000
35
31
32
31
31.5000000000000
36.5000000000000
40
36.5000000000000
32
31
36
36.5000000000000
36.5000000000000
31.5000000000000
31
31
31.5000000000000
31.5000000000000
31
30.5000000000000
30
30
30
30
30
30
29.5000000000000
29
29
29
29
29
29
29
29
29
29
29
29
29
29
29
28.5000000000000
28
28
28
28
28
28
28
28
28
28
28
28
28
28
28
28
28.5000000000000
29
29
29
29
29
29
29
29
29
29
29
29
29
29
29
29
29
29
29
29.5000000000000
30
30
30
30
30
30.5000000000000
31
31
31
31.5000000000000
32
33
33
143.500000000000
146.500000000000
255
255
255
255
255
255
255
255
255
255
255
255
255
255
255
255
255
255
255
255
255
255
255
255
255
255
255
255
255
255
255
255
255
255
255
255
255
255
255
255
255
255
218.500000000000
182
181
181
180.500000000000
180
180
180
180
180
180
180
180
180
180
180
180
180