255
255
255
255
255
255
255
255
255
255
255
255
255
255
255
255
255
255
255
255
255
255
255
255
255
255
255
255
255
255
255
255
255
255
255
255
255
255
255
255
255
255
255
255
255
255
255
255
255
255
255
156
56.5
56
55
54.5
54
54
54
54
54
53.5
53
53
53
53
53
53
53
53
53
53
53
53
52
52
52
52
52
52
52
52
52
52
52
52
52
52
52
52
52
52
52
52
52
52
52.5
53
53
53
53
53
53
53
53
53
53
53
53
53.5
54
54
54
54
54
54
54.5
55
55.5
56
56
58
60.5
61
61
62
62
62
61.5
144
62.5
63
32
31.5
31
31
31
30.5
30
30
30
30
30
29.5
29
29
29
29
29
29
29
28.5
28
28
28
28
28
28
28
28
28
28
28
28
28
28
27.5
27
27
27
27
27
27
27
27
27
27
27
27
27
27
27
27
27
27
27
28
28
28
28
28
28
28
28
28
28
28
28.5
29
29
29
29
29
29
29
29
30
30
30
30
30
31
31
31.5
31
30.5
31
32
33
33.5
31
31
31
31
33
32
31
31
31
31
31
30.5
30
30
30
30
30
30
30
30
30
29
29
29
29
29
29
29
29
29
29
29
29
29
29
29
29
29
29
29
29
29
29
29
29
29
29
29
29
29
29
29
29
29
29
29
29
29
29
29
29
29
29
29
29
29.5
30
30
30
30
30
30
31
31
31
31
31
31
31.5
32
32
32
32
32.5
33
33
33
33
33.5
144.5
255
255
255
255
255
255
255
255
255
255
255
255
255
255
255
255
255
255
255
255
255
255
255
255
255
255
255
255
255
255
255
255
255
255
255
255
255
255
255
255
255
255
255
255
255
255
255
255
255
255
