41
41
41
41
41
41
41
41
41
41
41
41
41
41.5
42
42
42
42
42
42
42
42
42
42
42
42
42
42
42
42.5
43
43
43
43
43
43.5
44
44
44
44
44.5
45
44
46
45
45
52.5
44.5
45
44.5
52
52
44.5
45
44
44
44.5
44
44
43.5
43
43
43
43
43
42.5
42
42
42
42
42
42
42
42
42
42
42
41.5
41
41
41
41
41
41
41
41
41
41
41
41
41
41
41
41
41
41
41
41
41
41
41
41
41
41
41
41
41.5
42
42
42
42
42
42
42
42
42
42
42.5
43
43
43
43
43
43.5
44
44
44
44
45
44.5
51.5
58
52
51.5
51.5
45
52
51
44
44
44
51.5
44
44
44
43
42
41.5
41
41
41
41
41
40.5
40
40
40
40
40
40
39.5
39
39
39
39
39
39
39
39
39
39
39
38.5
38
38
38
38
38
38
38
38
38
38
38
38
38
38
38
38
38
38
38
38
38
38.5
38
38.5
38.5
39
39
39
39
39
39
39
39
39.5
40
40
40
40
40.5
41
41
41
41.5
42
255
255
255
255
255
255
255
255
255
255
255
255
255
255
255
255
255
255
255
255
255
255
255
255
255
255
255
255
255
255
255
255
255
255
255
255
255
255
255
255
255
255
255
255
255
255
255
255
255
255
255
255
255
255
255
255
255
255
255
255
255
255
255
255
255
255
255
255
255
255
255
255
255
255
255
255
255
255
255
255
255
255
255
255
255
255
255
255
255
255
255
255
255
255
255
255
255
255
255
255
152
48
47
46.5
46
46
46
45
45
44.5
44
44
44
44
43.5
43
43
43
43
43
43
43
42.5
42
42
42
42
42
42
42
42
42
42
42
41.5
41
41
41
41
41
41
41
41
