77
77
77
77
76.5
76
76
76
76
76.5
76
76
76
77
77
77
77
77
77
77
77
77
77
77
77
77.5
78
78
78
78
78.5
79
79.5
80
81
255
255
255
255
255
255
161
161
161
160.5
160
160
160
160
160
160
159.5
159
159
159
159
159
159
159
159
159
159
159
159
159
159
159
159
159
159
159
159
159
159
159.5
160
160
160
160
160
160.5
161
255
255
255
255
255
255
255
255
255
255
255
255
255
255
255
255
255
255
255
255
255
255
255
255
255
255
255
255
255
255
255
255
255
255
255
255
255
255
255
255
255
255
255
255
255
255
255
255
255
255
255
255
255
255
255
255
255
255
255
255
255
255
255
255
255
255
255
255
255
255
255
255
255
255
255
255
255
255
255
255
128
127
127
127
126.5
126
126
126
126
126
125.5
125
125
125
125
125
125
125
125
125
125
125
125
125
125
125
125
125
125
125
125
125
125
125
125.5
126
126
126
126
126
126
126
126
126
126.5
127
127
127
128
129
255
255
255
255
255
255
255
255
255
255
255
255
255
255
255
144.5
34
33.5
32.5
32
32
31
31
31
30.5
30
30
30
29.5
29
29
29
29
29
29
29
29
29
29
29
29
29
28.5
28
28
28
28
28
28
28
28
28
28
28
28
28
28
28
28
28
28
28
28
28
28
28
28
28
28
28.5
29
29
29
29
29
29
29
29
29
29
29
29
29
29
29
29
30
30
30
30
30
31
31
31
31
31
32
32
32
32
32
33
54
83
84
84
85
84.5
85
85
85.5
85
85
84.5
83.5
83
81
80.5
79.5
79
79
79
78.5
78
78
78
78
78
78
78
78
78
78
77.5
77
77
77
77
77
77
77
77
77
77
77
77
77
77
