82.5000000000000
82.5000000000000
83
83
83
83
83
83
83
83
83
83
83
83
83.5000000000000
84
84
84
84.5000000000000
85.5000000000000
170.500000000000
255
255
255
255
255
255
255
255
255
255
255
255
255
255
255
255
255
255
255
255
255
255
255
255
255
255
255
255
255
255
255
255
255
255
255
255
255
255
255
255
255
255
255
255
255
255
255
255
255
255
255
255
255
255
255
255
255
255
255
255
255
255
255
255
255
255
255
255
255
255
255
255
255
255
255
255
255
255
255
255
255
255
255
255
255
255
255
255
255
255
255
255
255
255
255
255
255
255
255
255
255
255
255
255
255
255
255
255
255
255
255
255
255
255
255
255
255
255
255
255
255
255
255
255
255
255
255
255
255
255
255
255
255
255
191
154
154
127
126
126.500000000000
126
126
126
126
126
126
126
126
126
126.500000000000
128
129
129
129
129.500000000000
130
130
131
131
131.500000000000
193
255
255
154
153.500000000000
153
153
153
153
153
153
153
153
154
154
155
205
255
255
255
255
255
255
255
255
255
255
255
255
255
255
255
143.500000000000
32
32
31
31
31
31
30.5000000000000
30
30
30
30
30
29
29
29
29
29
29
28
28
28
28
28
28
28
28
28
28
28
28
28
28
27
27
27
27
27
27
27
27
27
27
27
27
27
27
27
27
27
27
27
27
27
27
27
27
27.5000000000000
28
28
28
28
28
28
28
28
28
28
28
28
28
28
28.5000000000000
29
29
29
29
29
29
30
30
30
30
30
30.5000000000000
31
31
31.5000000000000
143.500000000000
154.500000000000
255
255
255
255
255
255
255
255
255
255
255
255
255
255
255
255
255
255
173
90.5000000000000
90
89.5000000000000
88
85
84.5000000000000
84.5000000000000
84
84
84
84
84
84
83.5000000000000
83
83
83
83
83
83
83
83
83
83
83
83
83
83
83
83
83
83
83
83
83
83
83
83