44
44
44
44
44
44
44
44
44
44
44
44
44
44
44
44
44
44
44.5
45
45
45
45
45
45
45
45
45.5
46
46
46
46.5
46.5
47.5
48
48
47.5
56.5
56.5000000000000
64
63.5000000000000
63
64
64
64
64
64
64
63.5000000000000
55.5000000000000
49
55
46
55
46
45.5000000000000
45
44.5000000000000
44.5000000000000
44
44
44
44
43.5000000000000
43
43
43
43
43
42.5000000000000
42
42
42
42
42
42
42
42
42
42
42
42
42
42
42
42
42
42
42
42
42
42
42
42
42
42
42
42
42
42
42
42
42
42.5000000000000
43
43
43
43
43
43.5000000000000
43.5000000000000
44
44
44
44.5000000000000
45
44.5000000000000
45
52
52.5000000000000
52
53
52.5000000000000
52
52
51.5000000000000
51
45
44
51.5000000000000
59.5000000000000
51
42.5000000000000
41
41
41
40.5000000000000
40
40
40
39.5000000000000
39
39
39
39
38.5000000000000
38
38
38
38
38
38
38
38
38
38
38
38
38
37.5000000000000
37
37
37
37
37
37
37
37
37
37
37
37
37
37
37
37
37.5000000000000
38
38
38
38
38
38
38
38
38
38
38
38
38
38
38
38
38.5000000000000
39
39
39
39
39
39
39
39
39
39.5000000000000
40
40
40
40
40.5000000000000
41.5000000000000
42
44
150.500000000000
255
255
255
255
255
255
255
255
255
255
255
255
255
255
255
255
255
255
255
255
255
255
255
255
255
255
255
255
255
255
255
255
255
255
255
255
255
255
255
255
255
255
255
255
255
255
255
255
255
255
255
255
255
255
255
255
255
255
255
255
255
255
255
255
255
255
255
255
255
255
255
255
255
255
255
255
255
255
255
255
255
255
255
255
255
255
255
255
255
255
255
255
255
255
255
255
255
255
255
255
255
255
255
255
255
255
255
152.500000000000
50
49
47.5000000000000
47
47
46.5000000000000
46
46
46
45.5000000000000
45
45
45
45
45
45
45
44.5000000000000
44
44
44
44
44
44
44
44
44
44
44
44
44
44
44
44
44
44
44
44
44