22.0
22.0
22.0
22.0
21.9
21.2
21.7
21.0
21.0
21.0
21.0
21.0
21.0
21.0
20.3
20.0
21.5
22.0
24.1
48.8
21.0
21.0
21.0
21.0
21.0
21.0
20.6
20.0
20.0
20.9
21.0
20.9
21.0
21.3
20.8
22.0
21.8
21.0
21.7
21.9
33.4
22.8
28.6
27.9
23.1
23.6
22.1
32.7
23.1
54.7
38.8
28.3
27.3
21.5
25.6
20.0
19.4
27.3
23.9
22.8
31.7
24.1
26.0
21.0
20.6
22.5
20.5
20.8
20.7
21.5
25.5
26.1
51.1
28.9
33.0
35.2
24.2
22.4
23.9
32.7
26.3
44.3
23.6
25.9
30.9
36.7
41.6
26.0
18.1
19.1
18.1
19.0
19.1
18.8
18.0
18.0
18.0
18.0
18.3
18.2
18.0
19.0
18.9
19.0
19.1
19.6
19.0
19.0
30.7
35.4
35.9
21.3
19.0
19.0
26.0
24.9
28.3
34.5
22.9
38.1
35.0
35.5
20.9
18.4
26.7
18.0
26.1
25.7
30.3
34.2
34.2
34.0
34.0
34.0
33.3
33.2
34.0
33.9
33.9
34.4
33.5
33.3
30.0
26.0
26.0
26.0
25.9
25.0
25.0
25.0
25.0
25.0
25.0
25.0
25.0
25.6
25.0
25.8
25.6
26.0
25.9
26.1
26.8
25.7
25.6
25.3
25.0
25.0
25.0
25.0
25.1
25.0
26.9
25.3
25.1
25.7
25.8
26.1
26.0
26.2
 
